3170.772
348.89187499999997
164.01299999999998
188.168125
317.98312500000003
163.8715
323.911875
73.05862499999999
323.26374999999996
205.245125
125.06837499999999
328.48512500000004
111.976
351.4335
151.823875
329.68325
316.927875
334.993
217.95925000000003
47.046125
326.39437499999997
350.117375
45.344875
127.804
126.653125
204.49775
142.001
174.292
312.4085
211.26662500000003
190.1235
177.42450000000002
339.33725
200.619
197.7255
131.14375
110.076
52.813250000000004
202.162375
322.88874999999996
134.5885
188.52337500000002
357.85812500000003
337.60375
320.6285
198.816125
319.3025
346.497625
204.978
125.269875
88.460375
122.323875
308.407625
179.562375
334.252375
46.561875
48.961375
137.755
335.815
129.43900000000002
184.813375
318.899
121.875875
178.63025
309.836
205.408125
45.39475
314.941375
145.06675
89.100875
180.7315
46.92675
139.9805
214.48762499999998
138.35
339.002375
338.01262499999996
18.434625
334.3635
323.231
118.73150000000001
335.844
138.68325
322.19225
332.481625
179.541875
343.636625
332.60837499999997
315.469
84.842125
55.783125
222.95662499999997
204.400125
45.208375000000004
79.756
321.84362500000003
340.193375
207.36999999999998
360.595125
339.60225
747.74725
704.3808750000001
718.45625
573.5224999999999
733.7215
710.32575
571.093375
686.213875
765.13125
522.60775
607.74
700.915125
545.816875
767.8796249999999
727.7385
713.7841249999999
710.898625
743.176875
593.337125
644.390125
517.57625
682.1308750000001
738.83925
601.799125
634.155875
652.019125
622.511375
698.3745
620.212625
635.2825
635.188125
811.89525
719.555625
691.61125
747.89275
531.87025
721.131125
718.8495
696.23525
591.347125
738.00575
626.984375
621.0145
596.913625
588.683125
698.104625
732.969625
725.2835
539.2837499999999
679.041875
624.17975
735.7291250000001
672.66025
671.577625
621.01575
631.32375
667.7676250000001
704.763375
631.017875
723.6033749999999
2818.0315
224.1935
129.91325
94.31975
123.079125
341.883625
229.792125
129.5965
67.81687500000001
161.99275
59.999249999999996
341.292125
339.18825000000004
131.95625
224.3485
140.67000000000002
127.26624999999999
326.662
327.1825
334.762
352.49075000000005
20.366625
227.761625
203.6395
73.45625
326.4205
152.351875
367.8015
128.5925
342.98275
21.018625
223.469
323.12525
209.012
228.82800000000003
329.228625
317.36575
349.86062499999997
227.0275
359.820625
363.130875
323.248625
360.07624999999996
218.67950000000002
130.232
186.61525
183.256375
127.99875
185.881
342.17199999999997
33.259750000000004
214.514125
360.86575
326.446375
364.9425
21.958125000000003
122.490875
321.6685
132.05462500000002
345.327
132.11849999999998
189.394875
320.72225
355.2955
21.443125000000002
31.85375
73.3175
17.614625
371.90675
117.27950000000001
149.398875
361.732375
322.054875
214.223625
212.919
99.03075
318.7395
314.78499999999997
365.41774999999996
330.874125
185.52875
160.432
358.5535
106.80812499999999
318.036625
356.145
121.969125
126.88975
364.946125
151.818
320.98562499999997
58.471375
208.063875
114.95287499999999
230.4355
73.195375
114.58512499999999
365.95237499999996
17.127625000000002
120.40150000000001
714.213375
716.127125
722.191875
651.0985
713.3064999999999
613.542125
687.208
707.5915
754.964
697.135875
729.72375
677.33275
638.1585
821.0873750000001
801.97
649.696375
634.131625
798.4868749999999
755.849125
717.8355
638.2983750000001
709.159375
611.710125
597.098375
757.665125
647.463125
631.303875
729.499625
759.77225
676.6479999999999
676.790125
707.72675
654.72725
780.6975
709.883875
722.107125
753.6625
678.628875
738.666875
739.9979999999999
734.036875
592.919875
578.56425
728.346125
676.122875
596.4915
641.573375
627.557125
617.2625
682.261625
744.54975
687.165375
616.6056249999999
752.485625
619.35975
778.14425
709.1018750000001
638.8075
752.191
597.532625
2949.50425
189.429375
362.0725
332.390375
57.758
57.18837499999999
351.372625
209.87125
332.5445
177.580375
331.73362499999996
349.60450000000003
133.582125
108.76700000000001
344.4015
140.08525
66.541125
46.61125
335.142875
218.771625
349.44162500000004
152.156
18.812625
61.907000000000004
203.739125
200.4975
115.002
123.82674999999999
332.26487499999996
55.27875
354.45612500000004
346.15925000000004
178.86375
337.394875
337.356125
45.031625000000005
335.56825
335.67400000000004
166.077625
123.16275
331.43075
203.89024999999998
335.642375
67.07875
49.628125
206.24175
324.299125
191.32325
344.59175
200.871375
197.81062500000002
153.799875
183.863
163.01125
329.801625
340.857125
209.373625
127.24974999999999
49.4755
336.81975
330.2745
106.694
325.73137499999996
365.31975
335.3275
353.59925
220.03737500000003
324.78274999999996
126.35887499999998
213.406625
53.136375
79.749125
43.741
49.433499999999995
165.741
134.786875
332.248625
80.53087500000001
341.096125
36.944125
203.76125
204.659125
135.4625
176.8905
196.8215
210.686
345.436375
187.85987500000002
106.63912499999999
343.130375
337.1615
344.58737499999995
215.950625
329.835375
145.946125
62.352250000000005
213.54025000000001
347.972125
344.423625
336.496625
720.2560000000001
748.8265
695.176625
667.01
650.128875
626.6225000000001
656.856625
584.542125
650.0395000000001
720.10625
666.80225
576.473875
661.885125
727.924125
695.3905
635.19325
709.966375
738.295125
717.7675
615.0135
623.6721249999999
766.3608750000001
714.919125
783.0020000000001
743.215375
667.951375
617.3225
642.265
667.868875
694.7106249999999
702.520125
694.471125
669.19875
541.407625
729.2216249999999
654.7671250000001
740.911625
680.9841250000001
681.532625
761.6131250000001
704.7605000000001
663.20675
660.953125
647.6565
800.4136249999999
737.228625
683.511125
706.280375
566.1725
607.198625
690.53475
642.8644999999999
771.4615
737.953
760.360625
543.596125
723.288375
809.597125
616.476
675.6368749999999
2867.135375
335.128625
65.1125
317.959125
21.45425
191.133125
98.66024999999999
66.680875
71.311375
150.73499999999999
342.529625
194.05525
20.627125
337.16575
214.79362500000002
196.01225
194.987375
328.48337499999997
345.181125
341.239375
218.72912499999998
339.545125
223.751125
58.64275
337.685375
223.118625
342.83525
344.2125
366.91575
218.80637499999997
223.46125
342.796
339.23225
105.783625
118.052875
350.642
344.72475
106.25887499999999
89.58525
176.37975
126.27262499999999
213.39299999999997
345.600125
125.32175
17.98725
82.718125
338.28537500000004
33.883875
192.666
117.06224999999999
78.955625
139.48499999999999
351.1055
192.44525000000002
17.574625
356.606
156.057
217.386875
87.267125
108.90474999999999
71.169875
344.709375
357.10749999999996
330.5
178.76075
18.01425
129.107125
83.624
337.33125
30.792375
183.296875
336.5175
339.849125
341.59637499999997
341.22950000000003
213.3055
335.936875
75.614
118.59025
324.07912500000003
117.894
332.626125
213.71349999999998
187.544625
20.9925
184.15225
190.42825
85.81224999999999
347.246125
60.536
173.635625
339.51937499999997
328.212
126.674875
358.9585
169.67112500000002
365.33125
337.228125
340.818375
335.679125
707.60875
660.844875
567.498875
586.6635
591.680125
767.682875
733.6108750000001
557.83675
581.477125
765.615625
730.042625
671.3895
775.966125
603.9604999999999
724.218625
575.263625
782.02425
749.534875
692.457625
751.651125
611.3496250000001
594.213
767.083625
805.5314999999999
684.107125
679.537
791.303125
748.3835
659.0029999999999
780.5425
702.675125
675.39725
668.9582499999999
725.5371250000001
672.053875
657.238375
684.86775
680.5806249999999
698.0325
754.254
693.117375
713.4746250000001
662.232125
703.8251250000001
578.290375
769.4238750000001
747.402
677.675
626.0483750000001
676.8802499999999
768.47225
698.8855000000001
694.319375
680.98675
667.65075
689.57475
703.42825
659.42475
593.8644999999999
702.871
2767.734875
361.607
322.23249999999996
346.799625
88.40525
114.46575
329.30062499999997
342.11325
93.24375
84.46975
339.27712499999996
220.08724999999998
114.37575
324.678625
85.17837499999999
339.957625
177.20875
352.35787500000004
186.5095
347.91875
217.183
336.21425
324.49075000000005
141.121
105.32562499999999
35.35275
81.19075000000001
84.21475000000001
169.451
101.29475
332.54125
55.140125
213.795375
331.142375
219.10774999999998
332.55475
324.71075
113.22537500000001
81.88
87.485625
103.894125
348.91150000000005
357.78125
106.44625
333.451375
87.528875
323.92287500000003
327.292375
318.65749999999997
160.73825
45.14275
182.65587499999998
337.00374999999997
83.964
146.31937499999998
209.126125
18.077375
53.574875
170.80325
180.3565
336.415
333.398
36.740125
81.02775
79.416125
24.244875
25.30825
214.36812500000002
196.507125
86.936125
347.771875
83.98225
213.40637499999997
39.775625000000005
172.523875
85.87975
345.95124999999996
345.65250000000003
347.589875
355.668
84.900125
353.85475
351.34337500000004
351.916
349.359875
112.598375
329.76599999999996
201.52137499999998
42.616625
83.412125
79.17025
347.737875
338.25725
215.958375
88.327125
167.618
336.79625
330.709625
131.116625
121.326
738.602375
630.6034999999999
670.837625
652.25125
582.8050000000001
617.0096249999999
767.029875
640.089875
722.342
697.299
605.15725
616.518
686.5455
738.035125
596.45675
757.9035
711.416875
579.59775
581.60225
708.529125
712.4137499999999
634.973375
652.8340000000001
790.82425
742.2325
646.799125
610.1747499999999
784.117625
602.590875
783.566875
672.1587499999999
655.5675
639.52025
643.2167499999999
708.73575
658.75475
565.96
654.63225
783.814625
586.0471249999999
760.514
788.0095
646.999375
663.8605
643.998125
631.727625
681.02275
646.927
600.250875
714.7189999999999
665.66075
746.263375
741.11175
635.097375
587.3273750000001
756.7225000000001
691.7238749999999
632.457625
613.7971249999999
708.938875
