1421.834875
173.32175
84.232375
164.53275000000002
155.27937500000002
159.784375
156.598375
160.202125
160.82887499999998
91.848625
46.28625
160.378875
159.807625
105.06500000000001
156.728375
158.58837499999998
160.22337499999998
162.79675
106.59275
160.40325
64.6965
165.781375
29.048875
162.837125
63.211
103.358375
76.685
160.800375
30.432875000000003
182.638375
165.79075
173.10999999999999
164.800125
159.459375
162.807375
167.02675
59.213
49.987125000000006
176.181625
158.78199999999998
156.937625
159.840125
179.95975
160.42275
159.917625
172.432625
157.1815
83.014
165.17950000000002
164.103
158.717625
161.805875
147.898
101.12
167.18800000000002
152.87
46.860875
161.906
81.38925
161.46937499999999
165.63375000000002
29.645125
82.096
172.498
148.08475
165.905375
157.24925000000002
36.5685
76.557625
153.156
161.77474999999998
152.76975
166.38987500000002
111.90150000000001
82.332375
165.199875
165.0725
159.691
62.32362500000001
156.89012499999998
50.49225
163.89725
155.619875
18.80775
164.790125
90.454625
157.204875
164.971
34.325125
155.755625
44.8775
180.6335
175.56900000000002
157.861625
153.903375
160.756625
164.285
102.22575
178.90875
169.28
575.88725
583.8556249999999
566.384125
543.10725
561.359
559.2112500000001
462.43874999999997
574.0175
564.086375
522.79
511.22962500000006
536.2507499999999
515.8792500000001
576.45125
603.446875
569.23425
579.0766249999999
596.72975
520.4957499999999
570.2261249999999
469.229
575.266875
582.254875
490.3385
523.25025
548.266875
554.000375
579.4805
538.367
551.5675
1325.05275
113.30975000000001
61.129999999999995
43.148125
160.120375
167.524625
176.89275
56.943999999999996
171.65
87.745875
59.27524999999999
174.25462499999998
169.687
156.08375
179.893375
169.549375
170.931375
166.641125
168.24275
164.348625
170.524875
20.853
182.011
88.664
170.01500000000001
60.788875
165.77212500000002
175.418375
160.922125
171.7955
157.04737500000002
184.767375
161.813375
175.901
175.2395
165.6515
167.86087500000002
175.79025000000001
184.889375
103.90687499999999
180.90425
62.5145
171.17149999999998
169.745
165.477125
169.704375
171.1935
169.114125
99.649625
104.76325
161.971375
103.12787499999999
175.78575
58.296625000000006
175.04375
165.30525
62.618875
33.454625
172.39000000000001
172.667125
171.41225
98.69874999999999
67.66975
176.33175
15.089375
158.64525
159.37475
157.57537499999998
117.99549999999999
159.855875
161.385375
182.41649999999998
158.22175
176.900125
174.6195
160.9405
32.04675
157.10987500000002
174.34625
173.997
169.26925
170.382
115.89512500000001
63.19775
158.696125
171.61975
165.89575
167.382125
180.04325
61.607875
62.048874999999995
44.465500000000006
168.106125
166.16312499999998
114.189875
41.150625000000005
174.78887500000002
185.18937499999998
20.714625
164.359125
570.3787500000001
540.7375
590.55925
569.248125
664.42725
570.5511250000001
555.519
569.234125
576.29825
608.471
549.032875
557.035125
556.49875
620.1078749999999
591.46975
564.34325
552.571125
621.16925
639.140125
585.684625
552.647375
612.137
532.509875
512.314125
551.431
547.2998749999999
585.421875
592.631625
595.936125
551.902375
1383.9473750000002
161.60725
167.334125
162.060125
160.897875
155.378625
180.589125
179.97325
162.321
95.546625
159.546875
164.496375
157.2315
165.895375
103.87937500000001
155.237375
161.28975
157.19225
48.517
180.362125
176.31525
159.4625
164.103
178.42825
162.652
164.05337500000002
168.79125
157.58499999999998
48.514625
158.103375
176.5265
168.58925
102.59425000000002
53.09349999999999
61.887
168.035375
164.142875
162.560125
161.554375
167.14849999999998
53.356624999999994
167.359125
164.34112499999998
29.526125
164.43775
164.88425
53.215625
74.85325
164.8435
176.31525
94.33525
154.88299999999998
157.75799999999998
161.288625
84.176625
46.277875
167.12574999999998
177.20374999999999
164.989875
159.636
164.58837499999998
161.30975
98.888375
177.299125
53.242375
106.558375
163.00625
29.701249999999998
156.3155
162.4
157.50912499999998
166.144125
166.347125
160.55825
88.69562499999999
48.009625
155.738625
156.527
60.547000000000004
20.912625
169.2505
162.8915
82.5845
180.604375
66.12062499999999
159.573
178.7985
177.274125
158.83425
164.909875
42.560500000000005
59.799875
105.69612500000001
167.090125
70.045625
158.81175000000002
176.811625
103.732
164.52075
60.00325
588.894125
635.54125
496.646875
553.470875
484.534
503.690625
578.621
504.909125
484.33687499999996
558.363375
503.37225
527.232625
561.33175
617.061625
571.19175
541.804625
565.6547499999999
588.1793749999999
591.262375
563.5635
532.482
562.522
578.332125
602.3757499999999
609.08475
550.123125
490.77787500000005
601.172875
620.95525
513.20625
1344.334625
157.57012500000002
165.153875
160.75975
25.202875
79.79712500000001
166.345375
160.353125
161.48375000000001
170.276875
169.264625
174.918
23.041375
161.171625
110.420875
178.86525
174.574125
64.09774999999999
163.953
154.134375
99.88187500000001
162.688375
171.806625
157.92037499999998
164.78812499999998
169.206875
165.51225
169.39249999999998
161.96325
104.5785
109.90925
164.583375
162.74462499999998
54.10425
158.043
172.25375
159.33837499999998
167.76475
165.396625
109.69000000000001
165.87349999999998
107.17037499999999
159.306625
168.68075
23.8565
47.313875
159.19825
162.51600000000002
164.356625
164.539375
163.12574999999998
70.3785
173.2335
108.724875
21.316
172.9865
169.77425
173.526125
162.962375
159.028
46.983125
166.58462500000002
177.846625
157.116
168.49312500000002
21.045125
165.126
161.384625
51.159875
159.430125
175.042
164.986625
161.316125
74.56125
161.78125
176.091375
48.187
60.853750000000005
164.32049999999998
158.857375
67.7785
14.955125
169.47650000000002
74.50125
161.109125
167.23675
82.872625
159.17175
167.072625
159.514
109.274875
169.789375
159.784125
164.988625
174.471125
168.3345
106.71525
83.504125
23.34075
159.024
523.7167499999999
533.6405
553.43075
517.919875
525.855375
587.77075
554.809125
534.125375
543.881375
559.10725
610.739375
552.1078749999999
589.888375
533.910375
607.51
540.457875
588.67225
582.66325
547.04825
552.02725
557.14425
560.179125
524.835125
593.871125
559.636
537.661875
608.278
544.251125
548.8177499999999
596.16725
1426.225375
178.424875
161.71712499999998
168.27212500000002
179.274125
105.13199999999999
163.23325
166.612875
169.76712500000002
75.358
165.3995
179.42649999999998
55.84225
163.31
170.453
166.300875
172.78675
168.136
169.03187499999999
169.592375
98.46900000000001
164.241625
47.671749999999996
166.519875
161.6325
33.526625
161.034
89.69449999999999
106.124
166.438625
51.65525
164.926875
169.69549999999998
164.418125
180.035
163.27437500000002
161.702
51.09825
101.31575000000001
111.84200000000001
162.042125
83.237
178.799875
168.427125
163.920625
167.08225
161.317
49.333125
160.55712499999998
170.18099999999998
33.442125
178.3245
160.596625
163.972625
82.147625
158.565375
165.18562500000002
161.9805
179.43025
91.175625
162.770125
66.770125
164.84312500000001
51.066500000000005
159.75
162.98287499999998
161.409375
160.8585
101.748
90.06275000000001
105.23487500000002
170.457125
164.947
164.19275
105.49487500000001
45.852
166.40812499999998
169.263125
88.716375
166.258375
171.241625
91.544375
77.90650000000001
167.1325
89.579125
158.911125
165.906125
95.764125
163.60174999999998
168.71337499999998
167.715625
171.397625
167.00475
163.82425
172.2605
168.217625
167.884
64.81212500000001
166.71224999999998
163.378875
613.211625
566.961375
579.5074999999999
580.68275
518.41325
601.4037500000001
656.3341250000001
588.9449999999999
585.0625
569.395625
546.1822500000001
552.6948749999999
591.10025
611.044
537.7985
598.9962499999999
603.178125
579.549
547.259125
545.0052499999999
574.9902500000001
546.979625
531.825875
607.2341250000001
582.8533749999999
588.472375
556.92275
609.705125
545.312375
587.841
