4931.5263749999995
324.431375
274.994875
270.1475
226.04387499999999
230.42725000000002
224.107375
124.579125
272.01975
316.177875
150.092875
179.86712500000002
102.508375
320.14875
204.71937499999999
150.93812499999999
71.547125
250.06687499999998
326.056
38.584999999999994
37.018874999999994
90.97325
88.919125
176.177625
161.949
514.6636249999999
106.73325
272.80987500000003
98.420125
324.075375
267.6085
287.521375
290.259875
552.2045
277.230375
234.1815
171.52100000000002
510.912875
293.52425
508.415125
244.225875
517.03475
548.9
316.070625
260.506375
259.13874999999996
132.71075000000002
290.990875
243.42925
169.5845
147.302375
172.87525
63.746
277.652625
518.9806249999999
90.25387500000001
241.24587499999998
247.16975000000002
271.289875
139.04725000000002
307.239125
132.449375
210.94412499999999
277.382125
19.09975
308.58875
149.355625
126.26962499999999
226.700875
35.35075
274.01425
131.336375
199.921875
325.945
500.4085
192.10999999999999
248.305
20.724875
226.22112499999997
152.170125
219.769375
304.179125
223.213125
116.3605
306.663
290.88225
196.109375
202.75150000000002
35.115625
89.664625
40.31225
326.273375
565.5058750000001
240.170375
135.82125000000002
159.86475000000002
135.88675
315.958625
326.3345
246.946875
831.5545
872.458875
806.84375
665.2665
916.480125
897.901125
604.780625
832.7128749999999
793.626
559.908375
626.219625
842.6206249999999
614.1144999999999
801.196125
842.6139999999999
835.8709999999999
904.835875
852.1497499999999
631.413375
867.81275
726.6681249999999
848.90525
891.898125
744.223375
820.84025
796.14625
812.226125
819.82675
652.13275
793.88125
814.09825
808.639375
780.101375
921.2633750000001
826.29175
559.4475
911.42075
816.083125
889.88125
678.7524999999999
932.116375
798.429
678.897
654.5186249999999
656.541125
730.106125
811.684
837.2085
542.015625
793.08275
745.9064999999999
896.7375
673.976125
691.8541250000001
688.8055
770.958
725.777375
893.4778749999999
742.573125
869.916375
832.682375
637.2915
703.60325
567.0815
848.4433750000001
855.46175
854.6505
679.147
841.0497499999999
871.5672500000001
849.92125
717.01425
689.2529999999999
701.665125
749.394125
888.15075
754.67825
913.459375
852.1665
754.720375
784.564625
860.84675
793.654125
552.013625
876.545625
688.404875
843.4016250000001
710.414125
922.8172500000001
853.442375
4521.40675
322.29025
155.67874999999998
127.152375
174.22325
133.24025
320.665375
105.40025
188.191125
184.32325
183.78199999999998
276.952
177.402125
183.419125
340.37537499999996
183.40574999999998
542.6795
85.92212500000001
181.168375
98.05187500000001
322.43937500000004
19.2725
330.037625
286.322
105.483375
182.69225
221.306125
287.034875
186.551
322.533375
28.301125000000003
340.51300000000003
85.17425
313.712125
336.147125
196.659625
177.346625
326.334125
333.80062499999997
330.469625
317.870625
196.27249999999998
593.26875
576.4612500000001
221.899875
312.255375
284.62874999999997
78.59325
258.26075000000003
309.781375
101.2585
125.211875
336.1735
95.579875
318.917375
64.81775
214.29737500000002
18.494875
178.506625
284.562
185.2355
265.0055
193.02725
319.11525
27.620749999999997
27.798624999999998
97.548875
502.017875
341.27775
176.1645
295.03000000000003
336.234625
28.891750000000002
318.11725
587.3675000000001
198.163
18.92825
27.50725
289.84375
285.02875
536.854
189.17325
338.55062499999997
135.44324999999998
183.6975
322.33275
188.706
221.51500000000001
330.818625
524.96775
179.225875
28.832625
321.320625
182.854375
571.34325
173.55675
83.198375
331.88575000000003
28.055374999999998
529.22825
873.055
795.90575
887.121625
752.319875
900.0928749999999
714.53575
744.891875
799.96325
901.7299999999999
796.8206250000001
841.5046249999999
792.140125
703.9825
911.4043750000001
903.7545
750.078625
773.252375
895.521625
831.034
871.51425
741.060125
885.934375
744.83575
635.78175
854.4680000000001
863.438375
695.829
862.7123750000001
917.4315
717.998125
841.112375
846.282375
863.731125
866.92075
888.212125
835.197375
860.848
778.9636250000001
824.2417499999999
823.0764999999999
871.60175
736.762875
709.532875
938.8887500000001
756.4902500000001
746.447125
823.137125
681.928
773.1635
910.6215
926.725
808.5074999999999
687.146125
942.6602500000001
800.502375
901.871625
904.2721250000001
684.411125
930.963375
684.6685
864.0403749999999
879.840375
736.3585
838.4313749999999
898.1497499999999
910.856375
880.523125
738.363
780.375625
847.19025
924.9860000000001
923.0136249999999
798.252625
764.359875
769.8167500000001
788.1698749999999
773.5875
909.775
736.9221249999999
665.931125
636.728125
925.0084999999999
723.5453749999999
774.89
935.4902500000001
633.277125
821.9932500000001
942.885125
743.500125
877.7764999999999
4634.75775
234.36575
190.116625
66.9235
91.065375
90.547125
279.83275
273.8435
49.152875
291.28312500000004
306.195
259.40250000000003
164.001125
200.37650000000002
301.15625
316.212125
193.209375
59.960375
240.54812499999997
252.969
248.15637499999997
285.086375
21.1395
248.91612500000002
276.16875
283.73362499999996
519.587125
190.63225
328.253625
71.85900000000001
283.652625
322.158
301.05325
199.184625
101.32412500000001
44.5
180.0965
195.89012499999998
136.410375
157.018875
135.18875
192.374125
514.138
313.926125
67.408125
525.084875
166.837375
206.943875
318.083625
303.81237500000003
287.370625
157.737375
299.49699999999996
236.55037499999997
236.14637499999998
235.175875
132.846375
308.1485
58.00750000000001
279.25775
200.64475
157.1295
244.36487499999998
558.409875
512.8578749999999
268.278875
313.725875
53.4375
221.65462499999998
273.731
509.7075
189.454125
52.114625000000004
62.581875000000004
288.09675000000004
514.768375
305.02225
199.53425
88.287375
20.851
307.01175
277.9515
215.246875
237.28187499999999
561.3505
267.40637499999997
260.25775
299.91999999999996
202.369375
529.7284999999999
280.584625
167.70262499999998
267.21275
25.359875
270.94625
174.0635
319.13874999999996
328.95124999999996
189.84875
88.41312500000001
834.7772500000001
873.8233749999999
836.7306249999999
862.6270000000001
775.727375
574.02925
799.54675
607.10575
639.2552499999999
870.8306249999999
714.094625
747.594125
756.50175
581.395
853.07675
802.026625
882.35275
847.463125
897.0061250000001
638.02325
819.215625
869.2663749999999
877.7128749999999
823.35075
816.210375
797.353
648.094875
809.603625
868.227375
891.8697500000001
901.75125
913.10625
611.4523750000001
916.5932500000001
841.487125
898.126375
898.3742500000001
636.348625
857.0985000000001
861.1227500000001
846.0735000000001
591.278875
837.4803750000001
723.8757499999999
871.5293750000001
847.501375
834.251125
877.621125
692.69325
638.69675
805.021875
641.93175
840.015
869.2428750000001
921.7275
574.026875
739.124
865.553875
831.269875
674.81725
778.5045
614.965625
698.6042500000001
858.2096250000001
825.460125
927.5129999999999
866.2967500000001
709.810625
848.0092500000001
725.537875
927.3348749999999
709.089875
702.055875
727.38325
895.856375
766.4665
763.6698749999999
862.530625
830.1026250000001
877.6398750000001
872.6353750000001
935.82475
715.942125
802.9851249999999
592.78575
791.2205
859.996125
902.5790000000001
737.038625
914.4825000000001
4698.599
95.1585
103.22737500000001
178.747625
522.990875
305.67712500000005
151.6995
184.46824999999998
131.709
280.49525
306.099
327.03075
537.246
188.020125
336.61012500000004
330.56225
333.342375
176.3395
182.676875
94.59325
304.203375
191.987125
320.419875
139.051375
219.14475
301.543625
157.46425
305.558375
187.87975
263.74812499999996
333.50374999999997
233.57874999999999
101.061875
183.606125
153.41537499999998
324.433625
546.8715
196.787125
513.8635
333.15525
136.709
326.977125
70.78225
199.751375
28.289125000000002
130.81475
234.19250000000002
26.613
304.4555
153.26725
178.8955
504.13125
321.79612499999996
323.87825
20.038
309.7845
322.7905
299.210625
92.789625
138.208625
107.41524999999999
231.31037499999996
338.293
100.53175
539.2505
501.948125
205.37875
130.04575
518.65425
77.55875
266.6195
193.7335
27.154874999999997
315.78975
60.374249999999996
333.98
127.69012500000001
151.472875
154.589875
185.627875
159.6165
517.6279999999999
323.965625
200.417875
28.288249999999998
246.83350000000002
316.299
98.24175
212.26
126.95
324.073
300.68649999999997
157.61775
157.9065
333.82675
315.54987500000004
322.876625
249.02275
118.39500000000001
28.479000000000003
854.4168750000001
776.7202500000001
701.82325
709.967
686.249125
885.836875
893.286875
782.775125
714.100375
869.0208749999999
888.3637500000001
815.645125
830.075
761.9385
933.826
745.9024999999999
904.232625
827.24125
889.4565
897.838375
610.812125
735.816625
823.467375
879.944375
788.903875
846.79575
851.799875
860.6772500000001
825.409625
802.74
885.780625
626.76825
867.35825
891.3911249999999
825.4633749999999
742.1778750000001
760.6978750000001
756.016125
685.929
813.80475
681.713875
873.8646249999999
754.33425
728.2943750000001
695.087125
876.602125
858.100625
758.315625
796.86125
639.2215
909.50025
822.16075
745.1748749999999
838.9125
735.79075
876.51025
920.195125
758.643
783.120125
779.7149999999999
712.583625
632.413125
703.009125
760.1365
831.27675
829.691625
826.370875
732.3306249999999
872.058
940.695625
885.438875
742.3190000000001
752.0438750000001
763.021875
761.9865
891.521875
715.385625
951.678125
661.187625
926.496125
822.6678750000001
813.7837499999999
843.632
738.40525
877.159625
718.6666250000001
813.15975
828.581625
804.289
925.5135
4642.563
323.37399999999997
176.418375
322.230375
308.7265
558.331625
69.28150000000001
28.233375000000002
153.327875
282.45425
25.3845
553.351375
185.003375
217.348625
326.466
209.1645
279.85450000000003
324.60925000000003
318.74924999999996
550.5965
322.62312499999996
208.568375
80.412875
215.98525
172.33625
76.897875
172.05975
322.237625
325.9585
151.65662500000002
113.26387500000001
79.65125
508.46837500000004
119.860625
286.86424999999997
26.959750000000003
503.22375
198.064625
316.570125
224.67837500000002
159.39249999999998
563.936375
325.758125
103.545625
57.4335
198.519
92.842875
145.28812499999998
278.43874999999997
240.849375
103.58262500000001
311.1935
55.012874999999994
201.544125
315.386125
166.3905
27.8815
121.98287499999999
336.87825
275.962375
19.557125
177.537125
19.720875
124.727
163.37125
27.5065
26.823
107.8175
318.52725
258.88125
303.35925000000003
277.3935
210.090125
52.515125
314.512875
152.74675
237.50212499999998
217.77399999999997
254.658
54.276625
295.554
279.526
242.07162499999998
320.931375
301.495375
114.77074999999999
158.857125
296.54675000000003
70.983875
549.45875
211.71175
253.279375
209.60062499999998
210.270375
513.72825
159.917375
173.469625
119.05875
501.4955
208.74462499999998
890.509
676.542125
819.5585000000001
843.012125
601.42475
722.227375
824.675375
760.261
845.8303749999999
838.742125
656.296
693.9747500000001
815.0103750000001
856.7209999999999
641.299
883.5192499999999
896.235625
826.972875
653.957875
612.5020000000001
902.5521249999999
843.5875
774.46025
839.694125
833.44075
729.9655
720.020125
869.070625
808.947
914.0725
736.698
828.697375
670.910875
759.792125
850.339875
738.329375
708.1075
782.8515
816.1118749999999
683.544
802.86175
926.069125
854.487125
745.10275
738.521
700.5416250000001
807.738
784.290625
742.8154999999999
821.7543750000001
711.966
845.73675
856.1001249999999
677.54775
729.815875
857.65075
819.4337499999999
760.41475
699.7663749999999
887.0227499999999
666.388
801.316375
717.9768750000001
857.4998750000001
836.71175
859.7967500000001
810.917
769.050125
844.77975
767.991125
807.1175000000001
959.919125
878.6212499999999
909.54375
785.1005
699.46975
745.43025
881.361125
904.37775
858.484
915.7549999999999
640.8365
701.3676250000001
859.3787500000001
806.1503749999999
612.100875
634.76
866.5055
822.58825
918.2396249999999
